# policy=none budget=800MB tabs=10 events=40
# event tab state_before attributed_mb measured_mb procs restore_ms
0 9 STUB 134.0 134.0 1 329
1 8 STUB 241.0 241.0 2 177
2 7 STUB 348.0 342.0 3 184
3 6 STUB 477.0 473.0 4 173
4 5 STUB 584.0 581.0 5 179
5 4 STUB 691.0 688.0 6 166
6 3 STUB 798.0 794.0 7 173
7 2 STUB 905.0 902.0 8 176
8 1 STUB 1012.0 1007.0 9 171
9 0 STUB 1119.0 1114.0 10 174
10 1 LIVE 1092.0 1092.0 10 1208
11 2 LIVE 1092.0 1092.0 10 1210
12 1 LIVE 1092.0 1092.0 10 1208
13 1 LIVE 1092.0 1092.0 10 1209
14 1 LIVE 1092.0 1092.0 10 1209
15 3 LIVE 1092.0 1092.0 10 1206
16 8 LIVE 1092.0 1092.0 10 1208
17 8 LIVE 1092.0 1092.0 10 1208
18 0 LIVE 1092.0 1092.0 10 1207
19 8 LIVE 1092.0 1092.0 10 1208
20 8 LIVE 1092.0 1092.0 10 1209
21 1 LIVE 1092.0 1092.0 10 1208
22 1 LIVE 1092.0 1092.0 10 1206
23 1 LIVE 1092.0 1092.0 10 1205
24 6 LIVE 1092.0 1092.0 10 1208
25 1 LIVE 1092.0 1092.0 10 1208
26 8 LIVE 1092.0 1092.0 10 1208
27 1 LIVE 1092.0 1092.0 10 1209
28 1 LIVE 1092.0 1092.0 10 1207
29 1 LIVE 1092.0 1092.0 10 1207
30 2 LIVE 1092.0 1092.0 10 1210
31 2 LIVE 1092.0 1092.0 10 1208
32 2 LIVE 1092.0 1092.0 10 1208
33 4 LIVE 1092.0 1092.0 10 1208
34 2 LIVE 1092.0 1092.0 10 1208
35 2 LIVE 1092.0 1092.0 10 1209
36 2 LIVE 1092.0 1092.0 10 1205
37 2 LIVE 1092.0 1092.0 10 1208
38 3 LIVE 1092.0 1092.0 10 1208
39 3 LIVE 1092.0 1092.0 10 1209

RESULT policy=none mean_mb=976.7 peak_mb=1119.0 over_budget_pct=82 restores=10 p95_restore_ms=329 state_lost=0 demotions=0 gave_up=0 measured_mean_mb=975.9 measured_peak_mb=1114.0 measured_over_pct=82
# attribution: tabs accounted for 100% of what this run actually held (976.7 MB attributed, 975.9 MB measured)
